image: map.png
resolution: 0.02
mode: trinary
origin: [0.000000, 0.000000, 0.000000]
negate: 0
occupied_thresh: 0.65
free_thresh: 0.25